47.449940 8.682330 553.725647
47.449940 8.682310 553.754028
47.449940 8.682290 553.782410
47.449940 8.682270 553.812073
47.449940 8.682240 553.856567
47.449940 8.682220 553.886292
47.449940 8.682200 553.915405
47.449940 8.682180 553.941772
47.449940 8.682160 553.968140
47.449940 8.682130 554.007690
47.449940 8.682110 554.028809
47.449940 8.682090 554.041077
47.449940 8.682070 554.053406
47.449940 8.682040 554.071838
47.449940 8.682020 554.077698
47.449940 8.682000 554.079041
47.449940 8.681980 554.080322
47.449940 8.681960 554.081604
47.449940 8.681930 554.077820
47.449940 8.681910 554.071838
47.449940 8.681890 554.065857
47.449970 8.682330 553.736755
47.449970 8.682310 553.759705
47.449970 8.682290 553.782654
47.449970 8.682270 553.809082
47.449970 8.682240 553.848999
47.449970 8.682220 553.875610
47.449970 8.682200 553.901917
47.449970 8.682180 553.926636
47.449970 8.682160 553.951355
47.449970 8.682130 553.988525
47.449970 8.682110 554.009033
47.449970 8.682090 554.022522
47.449970 8.682070 554.035950
47.449970 8.682040 554.056152
47.449970 8.682020 554.064087
47.449970 8.682000 554.068054
47.449970 8.681980 554.072021
47.449970 8.681960 554.075989
47.449970 8.681930 554.077026
47.449970 8.681910 554.074707
47.449970 8.681890 554.072449
47.450000 8.682330 553.772766
47.450000 8.682310 553.788513
47.450000 8.682290 553.804260
47.450000 8.682270 553.825256
47.450000 8.682240 553.857117
47.450000 8.682220 553.878418
47.450000 8.682200 553.899597
47.450000 8.682180 553.920532
47.450000 8.682160 553.941467
47.450000 8.682130 553.972839
47.450000 8.682110 553.991028
47.450000 8.682090 554.004578
47.450000 8.682070 554.018066
47.450000 8.682040 554.038330
47.450000 8.682020 554.047974
47.450000 8.682000 554.054749
47.450000 8.681980 554.061523
47.450000 8.681960 554.068359
47.450000 8.681930 554.074951
47.450000 8.681910 554.077148
47.450000 8.681890 554.079346
47.450030 8.682330 553.808838
47.450030 8.682310 553.817322
47.450030 8.682290 553.825867
47.450030 8.682270 553.841431
47.450030 8.682240 553.865295
47.450030 8.682220 553.881226
47.450030 8.682200 553.897339
47.450030 8.682180 553.914429
47.450030 8.682160 553.931519
47.450030 8.682130 553.957214
47.450030 8.682110 553.973022
47.450030 8.682090 553.986633
47.450030 8.682070 554.000183
47.450030 8.682040 554.020569
47.450030 8.682020 554.031860
47.450030 8.682000 554.041443
47.450030 8.681980 554.051086
47.450030 8.681960 554.060730
47.450030 8.681930 554.072815
47.450030 8.681910 554.079529
47.450030 8.681890 554.086304
47.450060 8.682330 553.916748
47.450060 8.682310 553.920532
47.450060 8.682290 553.924316
47.450060 8.682270 553.934814
47.450060 8.682240 553.950989
47.450060 8.682220 553.961731
47.450060 8.682200 553.972778
47.450060 8.682180 553.985107
47.450060 8.682160 553.997437
47.450060 8.682130 554.015991
47.450060 8.682110 554.027710
47.450060 8.682090 554.038391
47.450060 8.682070 554.049072
47.450060 8.682040 554.065063
47.450060 8.682020 554.074951
47.450060 8.682000 554.084229
47.450060 8.681980 554.093506
47.450060 8.681960 554.102783
47.450060 8.681930 554.115906
47.450060 8.681910 554.124146
47.450060 8.681890 554.132446
47.450090 8.682330 554.046570
47.450090 8.682310 554.046387
47.450090 8.682290 554.046265
47.450090 8.682270 554.051697
47.450090 8.682240 554.060242
47.450090 8.682220 554.065918
47.450090 8.682200 554.071899
47.450090 8.682180 554.079163
47.450090 8.682160 554.086487
47.450090 8.682130 554.097351
47.450090 8.682110 554.104492
47.450090 8.682090 554.111389
47.450090 8.682070 554.118225
47.450090 8.682040 554.128540
47.450090 8.682020 554.136047
47.450090 8.682000 554.144043
47.450090 8.681980 554.151978
47.450090 8.681960 554.159973
47.450090 8.681930 554.172668
47.450090 8.681910 554.181641
47.450090 8.681890 554.190552
47.450110 8.682330 554.133118
47.450110 8.682310 554.130310
47.450110 8.682290 554.127563
47.450110 8.682270 554.129639
47.450110 8.682240 554.133118
47.450110 8.682220 554.135437
47.450110 8.682200 554.138000
47.450110 8.682180 554.141907
47.450110 8.682160 554.145813
47.450110 8.682130 554.151672
47.450110 8.682110 554.155701
47.450110 8.682090 554.160034
47.450110 8.682070 554.164368
47.450110 8.682040 554.170898
47.450110 8.682020 554.176819
47.450110 8.682000 554.183899
47.450110 8.681980 554.190979
47.450110 8.681960 554.198059
47.450110 8.681930 554.210510
47.450110 8.681910 554.219910
47.450110 8.681890 554.229309
47.450140 8.682330 554.287964
47.450140 8.682310 554.284363
47.450140 8.682290 554.280701
47.450140 8.682270 554.280151
47.450140 8.682240 554.279602
47.450140 8.682220 554.279236
47.450140 8.682200 554.278992
47.450140 8.682180 554.279724
47.450140 8.682160 554.280396
47.450140 8.682130 554.281494
47.450140 8.682110 554.282349
47.450140 8.682090 554.283630
47.450140 8.682070 554.284851
47.450140 8.682040 554.286743
47.450140 8.682020 554.289978
47.450140 8.682000 554.294678
47.450140 8.681980 554.299377
47.450140 8.681960 554.304077
47.450140 8.681930 554.313660
47.450140 8.681910 554.321533
47.450140 8.681890 554.329407
47.450170 8.682330 554.461609
47.450170 8.682310 554.459412
47.450170 8.682290 554.457214
47.450170 8.682270 554.455872
47.450170 8.682240 554.453918
47.450170 8.682220 554.452637
47.450170 8.682200 554.451355
47.450170 8.682180 554.450256
47.450170 8.682160 554.449158
47.450170 8.682130 554.447510
47.450170 8.682110 554.446289
47.450170 8.682090 554.445007
47.450170 8.682070 554.443726
47.450170 8.682040 554.441772
47.450170 8.682020 554.442139
47.450170 8.682000 554.443604
47.450170 8.681980 554.445068
47.450170 8.681960 554.446594
47.450170 8.681930 554.451416
47.450170 8.681910 554.456177
47.450170 8.681890 554.460938
47.450200 8.682330 554.635254
47.450200 8.682310 554.634521
47.450200 8.682290 554.633728
47.450200 8.682270 554.631592
47.450200 8.682240 554.628235
47.450200 8.682220 554.626038
47.450200 8.682200 554.623657
47.450200 8.682180 554.620789
47.450200 8.682160 554.617859
47.450200 8.682130 554.613525
47.450200 8.682110 554.610229
47.450200 8.682090 554.606445
47.450200 8.682070 554.602600
47.450200 8.682040 554.596863
47.450200 8.682020 554.594238
47.450200 8.682000 554.592529
47.450200 8.681980 554.590820
47.450200 8.681960 554.589111
47.450200 8.681930 554.589172
47.450200 8.681910 554.590820
47.450200 8.681890 554.592468
47.450230 8.682330 554.805359
47.450230 8.682310 554.805237
47.450230 8.682290 554.805115
47.450230 8.682270 554.803528
47.450230 8.682240 554.801086
47.450230 8.682220 554.799438
47.450230 8.682200 554.797668
47.450230 8.682180 554.795105
47.450230 8.682160 554.792542
47.450230 8.682130 554.788696
47.450230 8.682110 554.785706
47.450230 8.682090 554.781799
47.450230 8.682070 554.777954
47.450230 8.682040 554.772095
47.450230 8.682020 554.769165
47.450230 8.682000 554.766907
47.450230 8.681980 554.764587
47.450230 8.681960 554.762329
47.450230 8.681930 554.761047
47.450230 8.681910 554.761414
47.450230 8.681890 554.761780
47.450260 8.682330 554.973999
47.450260 8.682310 554.974182
47.450260 8.682290 554.974365
47.450260 8.682270 554.973938
47.450260 8.682240 554.973267
47.450260 8.682220 554.972839
47.450260 8.682200 554.972290
47.450260 8.682180 554.970947
47.450260 8.682160 554.969666
47.450260 8.682130 554.967712
47.450260 8.682110 554.965759
47.450260 8.682090 554.962891
47.450260 8.682070 554.959961
47.450260 8.682040 554.955627
47.450260 8.682020 554.953369
47.450260 8.682000 554.951599
47.450260 8.681980 554.949829
47.450260 8.681960 554.948059
47.450260 8.681930 554.946716
47.450260 8.681910 554.946594
47.450260 8.681890 554.946472
47.450290 8.682330 555.142578
47.450290 8.682310 555.143127
47.450290 8.682290 555.143616
47.450290 8.682270 555.144348
47.450290 8.682240 555.145508
47.450290 8.682220 555.146240
47.450290 8.682200 555.146912
47.450290 8.682180 555.146790
47.450290 8.682160 555.146729
47.450290 8.682130 555.146667
47.450290 8.682110 555.145874
47.450290 8.682090 555.143921
47.450290 8.682070 555.141968
47.450290 8.682040 555.139099
47.450290 8.682020 555.137573
47.450290 8.682000 555.136292
47.450290 8.681980 555.135071
47.450290 8.681960 555.133850
47.450290 8.681930 555.132446
47.450290 8.681910 555.131836
47.450290 8.681890 555.131165
47.450320 8.682330 555.312439
47.450320 8.682310 555.314148
47.450320 8.682290 555.315796
47.450320 8.682270 555.318115
47.450320 8.682240 555.321594
47.450320 8.682220 555.323914
47.450320 8.682200 555.326050
47.450320 8.682180 555.327393
47.450320 8.682160 555.328674
47.450320 8.682130 555.330566
47.450320 8.682110 555.330994
47.450320 8.682090 555.329956
47.450320 8.682070 555.328918
47.450320 8.682040 555.327332
47.450320 8.682020 555.325684
47.450320 8.682000 555.323669
47.450320 8.681980 555.321655
47.450320 8.681960 555.319580
47.450320 8.681930 555.316345
47.450320 8.681910 555.314026
47.450320 8.681890 555.311707
47.450350 8.682330 555.482483
47.450350 8.682310 555.485535
47.450350 8.682290 555.488525
47.450350 8.682270 555.492432
47.450350 8.682240 555.498352
47.450350 8.682220 555.502319
47.450350 8.682200 555.506042
47.450350 8.682180 555.508728
47.450350 8.682160 555.511414
47.450350 8.682130 555.515442
47.450350 8.682110 555.517029
47.450350 8.682090 555.516846
47.450350 8.682070 555.516663
47.450350 8.682040 555.516357
47.450350 8.682020 555.514526
47.450350 8.682000 555.511475
47.450350 8.681980 555.508423
47.450350 8.681960 555.505371
47.450350 8.681930 555.499878
47.450350 8.681910 555.495728
47.450350 8.681890 555.491516
47.450370 8.682330 555.595886
47.450370 8.682310 555.599731
47.450370 8.682290 555.603638
47.450370 8.682270 555.608643
47.450370 8.682240 555.616211
47.450370 8.682220 555.621216
47.450370 8.682200 555.626038
47.450370 8.682180 555.629639
47.450370 8.682160 555.633240
47.450370 8.682130 555.638672
47.450370 8.682110 555.641052
47.450370 8.682090 555.641418
47.450370 8.682070 555.641846
47.450370 8.682040 555.642395
47.450370 8.682020 555.640381
47.450370 8.682000 555.636658
47.450370 8.681980 555.632935
47.450370 8.681960 555.629211
47.450370 8.681930 555.622253
47.450370 8.681910 555.616821
47.450370 8.681890 555.611389
47.450400 8.682330 555.765625
47.450400 8.682310 555.770996
47.450400 8.682290 555.776428
47.450400 8.682270 555.782776
47.450400 8.682240 555.792419
47.450400 8.682220 555.798767
47.450400 8.682200 555.804871
47.450400 8.682180 555.809509
47.450400 8.682160 555.814087
47.450400 8.682130 555.820923
47.450400 8.682110 555.824158
47.450400 8.682090 555.824951
47.450400 8.682070 555.825806
47.450400 8.682040 555.827026
47.450400 8.682020 555.825073
47.450400 8.682000 555.821106
47.450400 8.681980 555.817200
47.450400 8.681960 555.813232
47.450400 8.681930 555.805603
47.450400 8.681910 555.799438
47.450400 8.681890 555.793335
47.450430 8.682330 555.935181
47.450430 8.682310 555.942200
47.450430 8.682290 555.949280
47.450430 8.682270 555.956909
47.450430 8.682240 555.968323
47.450430 8.682220 555.975891
47.450430 8.682200 555.983154
47.450430 8.682180 555.988525
47.450430 8.682160 555.993896
47.450430 8.682130 556.001892
47.450430 8.682110 556.005676
47.450430 8.682090 556.006714
47.450430 8.682070 556.007751
47.450430 8.682040 556.009338
47.450430 8.682020 556.007568
47.450430 8.682000 556.003845
47.450430 8.681980 556.000061
47.450430 8.681960 555.996338
47.450430 8.681930 555.988770
47.450430 8.681910 555.982605
47.450430 8.681890 555.976440
47.450460 8.682330 556.104736
47.450460 8.682310 556.113403
47.450460 8.682290 556.122131
47.450460 8.682270 556.130981
47.450460 8.682240 556.144226
47.450460 8.682220 556.153015
47.450460 8.682200 556.161438
47.450460 8.682180 556.167542
47.450460 8.682160 556.173645
47.450460 8.682130 556.182861
47.450460 8.682110 556.187195
47.450460 8.682090 556.188477
47.450460 8.682070 556.189758
47.450460 8.682040 556.191650
47.450460 8.682020 556.190125
47.450460 8.682000 556.186523
47.450460 8.681980 556.182983
47.450460 8.681960 556.179382
47.450460 8.681930 556.171936
47.450460 8.681910 556.165710
47.450460 8.681890 556.159485
47.450490 8.682330 556.268738
47.450490 8.682310 556.279785
47.450490 8.682290 556.290833
47.450490 8.682270 556.301025
47.450490 8.682240 556.316162
47.450490 8.682220 556.326233
47.450490 8.682200 556.335815
47.450490 8.682180 556.342651
47.450490 8.682160 556.349548
47.450490 8.682130 556.359802
47.450490 8.682110 556.364563
47.450490 8.682090 556.365906
47.450490 8.682070 556.367249
47.450490 8.682040 556.369263
47.450490 8.682020 556.367676
47.450490 8.682000 556.363953
47.450490 8.681980 556.360229
47.450490 8.681960 556.356506
47.450490 8.681930 556.348694
47.450490 8.681910 556.342163
47.450490 8.681890 556.335571
47.450520 8.682330 556.431335
47.450520 8.682310 556.444885
47.450520 8.682290 556.458496
47.450520 8.682270 556.469971
47.450520 8.682240 556.487061
47.450520 8.682220 556.498474
47.450520 8.682200 556.509216
47.450520 8.682180 556.516785
47.450520 8.682160 556.524353
47.450520 8.682130 556.535706
47.450520 8.682110 556.540955
47.450520 8.682090 556.542297
47.450520 8.682070 556.543640
47.450520 8.682040 556.545715
47.450520 8.682020 556.543945
47.450520 8.682000 556.539978
47.450520 8.681980 556.536011
47.450520 8.681960 556.531982
47.450520 8.681930 556.523743
47.450520 8.681910 556.516846
47.450520 8.681890 556.509888
